0.00085
0.000839
0.000831
0.000816
0.000814
0.000818
0.000923
0.000834
0.000781
0.000814
0.000776
0.000767
0.000769
0.00077
0.000763
0.000767
0.000798
0.000753
0.000723
0.000734
0.000721
0.000725
0.000738
0.000723
0.000768
0.000734
0.000688
0.000685
0.000685
0.000685
0.000687
0.000685
0.000711
0.000682
0.000686
0.000686
0.000666
0.000651
0.00065
0.000657
0.000672
0.000652
0.000662
0.000649
0.000652
0.000652
0.000671
0.000619
0.000621
0.000644
0.00062
0.000621
0.000622
0.000619
0.000622
0.000631
0.000621
0.00062
0.000597
0.000592
0.000591
0.000599
0.000593
0.000591
0.000593
0.000592
0.000606
0.000612
0.000591
0.000564
0.000566
0.000568
0.000564
0.000565
0.000566
0.000566
0.000567
0.000569
0.000569
0.000566
0.000565
0.000542
0.000542
0.000543
0.000544
0.000548
0.000562
0.000541
0.000543
0.000547
0.000544
0.000544
0.000544
0.000552
0.00052
0.000519
0.000524
0.000551
0.000523
0.000522
-------------------------------
0.0006493
