0.023098
0.020272
0.018169
0.018944
0.015354
0.01478
0.014196
0.013493
0.012994
0.012516
0.012111
0.012115
0.011616
0.011692
0.01152
0.011705
0.011363
0.011395
0.011379
0.011661
0.01149
0.011607
0.011601
0.01135
0.011493
0.01134
0.011414
0.011459
0.011552
0.011478
0.011648
0.01157
0.012018
0.011861
0.011551
0.011724
0.01196
0.011748
0.011429
0.011742
0.011637
0.011613
0.011621
0.011553
0.011668
0.011472
0.011948
0.012032
0.01167
0.011434
0.01159
0.01168
0.011521
0.011709
0.011655
0.012266
0.011484
0.011743
0.011315
0.011492
0.011529
0.01157
0.011422
0.011547
0.011803
0.01147
0.011494
0.011642
0.011305
0.011932
0.012542
0.012411
0.012014
0.012266
0.011341
0.011584
0.011514
0.011748
0.011873
0.011723
0.01158
0.011543
0.011721
0.011484
0.011328
0.011641
0.011304
0.011423
0.011818
0.011348
0.011436
0.011327
0.011461
0.011375
0.011451
0.0116
0.011773
0.012021
0.011335
0.011802
-------------------------------
0.0121101
