1.03526
1.09356
1.0921
1.09177
1.09122
1.09627
1.12074
1.13379
1.14598
1.13662
1.12169
1.12262
1.15348
1.14312
1.11922
1.11827
1.14932
1.13557
1.14552
1.14277
1.13722
1.18201
1.12999
1.13217
1.13006
1.12124
1.13504
1.11917
1.12088
1.12544
1.14421
1.1503
1.12209
1.12453
1.12545
1.12163
1.12854
1.13142
1.11982
1.11831
1.11583
1.1144
1.10706
1.13199
1.14729
1.15091
1.1527
1.17539
1.17979
1.15889
1.14819
1.15325
1.15587
1.14503
1.14142
1.15281
1.1379
1.1383
1.13572
1.1416
1.14811
1.14004
1.14368
1.141
1.13645
1.1432
1.13947
1.14549
1.14741
1.14444
1.14724
1.14602
1.14305
1.14514
1.14803
1.14789
1.14191
1.13832
1.14321
1.13513
1.13372
1.13603
1.1388
1.14203
1.14507
1.14094
1.14491
1.14537
1.14477
1.14121
1.1349
1.13516
1.14178
1.14294
1.14207
1.14296
1.13488
1.14401
1.14161
1.14113
-------------------------------
1.13572
