112.374
151.97
154.174
156.324
143.785
141.176
141.248
141.305
141.286
141.518
141.164
139.87
139.133
140.097
141.533
152.951
151.825
150.431
150.052
151.356
150.013
150.894
149.322
149.764
149.732
149.552
150.924
148.807
149.527
148.967
147.725
148.305
147.519
158.693
158.944
154.212
154.139
154.785
154.25
155.073
154.457
155.557
153.975
154.514
154.196
154.32
155.409
154.297
154.024
155.975
154.934
154.383
154.806
154.665
154.742
156.307
154.524
154.811
154.081
153.27
153.617
152.227
153.261
153.085
152.089
154.523
152.112
151.646
151.192
151.445
151.769
151.325
151.299
151.562
151.677
150.415
149.536
149.065
149.304
147.046
146.862
144.245
143.555
143.279
144.064
143.742
143.044
143.484
142.872
143.494
144.021
143.632
143.348
143.634
141.961
141.521
141.616
137.791
108.753
108.876
-------------------------------
148.3
