0.00062
0.0006
0.000596
0.000598
0.000623
0.000848
0.000803
0.00078
0.000707
0.000632
0.000547
0.000532
0.000523
0.000528
0.000525
0.000517
0.000522
0.000524
0.000527
0.000513
0.000516
0.000577
0.00072
0.000718
0.000701
0.000504
0.000524
0.000504
0.000507
0.000507
0.000505
0.000508
0.000499
0.000499
0.000499
0.000503
0.000504
0.000484
0.00048
0.000482
0.000616
0.000694
0.000656
0.000589
0.000506
0.000489
0.000486
0.000491
0.000484
0.00048
0.000471
0.000464
0.000486
0.000468
0.000464
0.000467
0.000465
0.000465
0.000467
0.000466
0.000622
0.000667
0.000674
0.000645
0.000462
0.000465
0.000468
0.000461
0.00046
0.000475
0.000461
0.000455
0.000464
0.000459
0.000462
0.000473
0.000458
0.00046
0.000454
0.000457
0.000527
0.000639
0.000627
0.000593
0.000415
0.000473
0.000559
0.000472
0.000445
0.000407
0.000464
0.000486
0.000432
0.000417
0.000433
0.000404
0.000402
0.000407
0.000406
0.00041
-------------------------------
0.000524
