0.0119
0.011056
0.009877
0.009814
0.008715
0.008808
0.008216
0.007636
0.007802
0.007319
0.006943
0.007048
0.006662
0.006176
0.006445
0.006067
0.005754
0.005722
0.005958
0.00555
0.005302
0.00539
0.005217
0.005308
0.004893
0.005037
0.005379
0.005069
0.005903
0.005346
0.005591
0.004928
0.004934
0.004953
0.005666
0.005001
0.004881
0.00495
0.005448
0.004984
0.004968
0.004963
0.005361
0.004888
0.005098
0.00495
0.004911
0.005033
0.004928
0.004928
0.004989
0.005287
0.00499
0.004878
0.004933
0.005314
0.00495
0.004959
0.005182
0.005455
0.005006
0.004898
0.004943
0.005032
0.005058
0.005053
0.004985
0.004944
0.005129
0.004918
0.004924
0.004939
0.005393
0.005066
0.004985
0.005247
0.005021
0.005382
0.004989
0.00501
0.00534
0.004899
0.004857
0.00489
0.004949
0.005033
0.004901
0.004983
0.004867
0.005201
0.004891
0.004978
0.004927
0.005359
0.004925
0.004875
0.004929
0.005435
0.004961
0.004963
-------------------------------
0.00559698
