0.099357
0.074531
0.072845
0.074811
0.073134
0.072465
0.071551
0.071875
0.073849
0.071126
0.072127
0.071567
0.073224
0.07243
0.072829
0.072645
0.072813
0.073779
0.072146
0.074748
0.072275
0.072931
0.07371
0.075064
0.074415
0.074964
0.076609
0.073666
0.074697
0.07482
0.075635
0.073938
0.074433
0.074448
0.073897
0.077053
0.074268
0.074979
0.074232
0.075125
0.076338
0.074894
0.0745
0.073921
0.078223
0.074158
0.07466
0.075191
0.075072
0.074902
0.075326
0.074051
0.074048
0.074663
0.074414
0.074534
0.075903
0.076224
0.075152
0.074303
0.07291
0.073855
0.076224
0.072324
0.072733
0.072227
0.072837
0.073346
0.073873
0.074994
0.074038
0.075134
0.075326
0.074821
0.074678
0.075818
0.073204
0.072928
0.073798
0.07359
0.073632
0.07294
0.074045
0.07257
0.072691
0.07274
0.073762
0.073863
0.073104
0.073405
0.073073
0.072971
0.072132
0.072673
0.072135
0.077185
0.073795
0.07301
0.072946
0.076219
-------------------------------
0.0742304
