0.96366
0.964719
0.96867
1.02225
1.00828
1.03534
1.07206
1.00066
1.04856
1.02948
1.01626
0.978059
0.982748
1.01397
1.047
0.988901
1.02119
0.984833
0.978141
0.979857
0.984366
1.00945
1.03135
1.02424
1.0582
1.05264
1.01086
1.1099
1.10842
1.01094
0.997239
1.03435
1.0003
1.00413
1.00602
0.975783
0.989266
0.986836
1.00131
0.985819
1.02533
1.09239
1.01037
0.981175
1.00026
1.03892
1.02106
1.03278
1.01814
1.03116
1.04351
1.05664
1.06651
1.08952
1.05373
1.0427
1.03854
1.03718
1.04001
1.03412
1.03522
1.04238
1.03562
1.02882
1.04093
1.03503
1.03437
1.02456
1.03754
1.03516
1.03684
1.04237
1.0391
1.03849
1.03264
1.03248
1.0374
1.03071
1.0446
1.04107
1.03944
1.05142
1.02944
1.03293
1.03523
1.03665
1.02208
1.03301
1.03539
1.02951
1.05314
1.03862
1.0413
1.04103
1.0381
1.03317
1.03666
1.0172
1.05748
1.04387
-------------------------------
1.02711
