9.33956
9.32388
9.27616
9.39308
9.49329
9.50627
9.50167
9.56248
9.58564
9.71834
10.0267
10.0701
10.6473
10.3794
9.87558
10.2585
10.0879
9.94541
9.87777
9.93323
10.0245
10.2178
10.0041
10.0905
10.067
10.1805
10.4588
10.1378
9.9422
9.93094
10.2687
9.88494
9.73728
9.62389
9.77502
10.1725
10.1473
10.2395
10.2905
9.67562
9.95075
9.72577
9.5685
9.67286
9.94753
9.90219
10.2027
10.0592
9.87473
10.0755
9.90089
10.474
9.85092
9.9651
10.2829
10.1249
10.265
10.0545
10.2438
9.95173
9.65643
9.91354
9.72195
9.86353
9.90111
9.88674
9.97608
9.99553
10.1647
9.90567
9.95245
10.1335
10.0652
10.1249
10.0446
10.0023
10.2047
10.1215
10.2025
10.0969
10.1465
10.4123
10.3782
10.0339
10.0051
10.3293
10.2802
10.195
10.0706
10.0213
10.1543
10.1263
10.6019
10.0062
10.2157
12.6105
13.1561
12.8572
13.0737
10.4748
-------------------------------
10.1185
