0.000618
0.000583
0.00058
0.000579
0.000582
0.000579
0.000569
0.000588
0.000584
0.000591
0.000608
0.000599
0.000629
0.000547
0.000554
0.000552
0.000545
0.00054
0.000537
0.000538
0.000615
0.000562
0.000518
0.000518
0.000611
0.000746
0.000565
0.000518
0.000518
0.000517
0.000512
0.000512
0.000482
0.000483
0.000503
0.000489
0.000509
0.000484
0.000477
0.000485
0.000485
0.000491
0.000487
0.000491
0.000464
0.000464
0.000463
0.00047
0.00046
0.000454
0.000461
0.000463
0.000469
0.00046
0.000462
0.000466
0.000474
0.000443
0.000442
0.000479
0.000485
0.000441
0.000438
0.000436
0.000446
0.00044
0.000443
0.000434
0.000441
0.000445
0.000417
0.00042
0.000459
0.000421
0.000417
0.000419
0.000414
0.00042
0.000422
0.000422
0.000422
0.000417
0.000414
0.000429
0.0004
0.000401
0.000397
0.000401
0.000423
0.000397
0.000395
0.000429
0.0004
0.000404
0.000405
0.000542
0.00041
0.000455
0.000394
0.000414
-------------------------------
0.00048503
