0.005382
0.004889
0.004721
0.004511
0.004447
0.004648
0.004069
0.003939
0.003906
0.004299
0.003669
0.003697
0.00351
0.003627
0.003447
0.003289
0.003239
0.003167
0.003447
0.003242
0.002972
0.002987
0.002917
0.003173
0.002808
0.002826
0.002722
0.002725
0.002645
0.002704
0.002586
0.002575
0.002565
0.002523
0.002537
0.002681
0.002522
0.002518
0.002518
0.002586
0.00259
0.003091
0.002623
0.002556
0.002574
0.002583
0.002594
0.002698
0.00254
0.002561
0.002532
0.002596
0.002747
0.002768
0.002545
0.002615
0.002533
0.002549
0.002624
0.002928
0.002554
0.002614
0.002532
0.002636
0.002593
0.002729
0.002553
0.002529
0.002523
0.002522
0.002581
0.00295
0.002558
0.002569
0.002599
0.002524
0.002528
0.002875
0.002654
0.002535
0.002521
0.002521
0.002569
0.003206
0.002878
0.002585
0.002589
0.002518
0.002611
0.003024
0.002597
0.002667
0.002582
0.002586
0.002618
0.002944
0.002613
0.002576
0.002775
0.002597
-------------------------------
0.00291817
