0.078319
0.056872
0.05102
0.051237
0.050944
0.050287
0.05167
0.051575
0.050544
0.052055
0.050432
0.051391
0.051839
0.050194
0.051988
0.051952
0.0514
0.05128
0.052678
0.052134
0.05046
0.051755
0.051455
0.050488
0.052168
0.052502
0.051182
0.05194
0.050515
0.051636
0.051477
0.050219
0.051818
0.050551
0.05009
0.052164
0.050511
0.052127
0.051497
0.050525
0.051805
0.05187
0.051404
0.050957
0.051473
0.051978
0.050428
0.051131
0.052814
0.050113
0.05158
0.049889
0.05024
0.051127
0.050566
0.051438
0.050791
0.050443
0.052669
0.05028
0.051943
0.052533
0.050603
0.051804
0.051758
0.050175
0.051744
0.052756
0.051143
0.051063
0.050262
0.053717
0.051105
0.050416
0.052381
0.052311
0.050827
0.052116
0.051651
0.050959
0.049698
0.051698
0.051224
0.050281
0.05372
0.051278
0.050911
0.053042
0.050469
0.05129
0.052537
0.050545
0.051396
0.053108
0.051915
0.053416
0.052029
0.051041
0.052559
0.050982
-------------------------------
0.0517229
