0.594823
0.593371
0.601247
0.615329
0.137008
0.14132
0.603502
0.598281
0.601098
0.602178
0.601867
0.601573
0.600664
0.598008
0.600841
0.598223
0.62134
0.596949
0.60673
0.596161
0.614979
0.606245
0.600403
0.598019
0.59652
0.598254
0.612897
0.604734
0.598887
0.619619
0.610565
0.622902
0.617788
0.62514
0.60463
0.601323
0.616337
0.619829
0.603761
0.658436
0.688306
0.603271
0.607903
0.596152
0.584064
0.598289
0.5749
0.591161
0.605851
0.603118
0.582232
0.625187
0.592573
0.654348
0.592415
0.580542
0.579449
0.585717
0.586822
0.607885
0.591701
0.578154
0.615651
0.598184
0.64318
0.660944
0.625318
0.647295
0.640604
0.64316
0.14353
0.639438
0.661202
0.630724
0.63168
0.652978
0.631536
0.61691
0.620301
0.625546
0.624121
0.615485
0.609117
0.61282
0.614298
0.61119
0.613385
0.615551
0.61065
0.613104
0.614475
0.605717
0.60976
0.679525
0.607688
0.615142
0.606681
0.61514
0.614738
0.617269
-------------------------------
0.598059
