0.001043
0.000943
0.00093
0.000937
0.000934
0.001099
0.001008
0.000935
0.000917
0.000912
0.000884
0.000876
0.000874
0.000885
0.000879
0.0009
0.000831
0.000826
0.001176
0.000838
0.000828
0.000837
0.000876
0.000831
0.000805
0.000782
0.000785
0.000784
0.000778
0.000777
0.000789
0.00078
0.000797
0.00078
0.000751
0.000745
0.000749
0.000785
0.000745
0.000749
0.000744
0.000743
0.000746
0.000859
0.000715
0.000709
0.000721
0.000705
0.000709
0.000718
0.000701
0.00071
0.000706
0.000679
0.000692
0.000798
0.000684
0.000681
0.00069
0.000674
0.000676
0.000675
0.000673
0.00068
0.000652
0.000645
0.000645
0.000654
0.000645
0.000649
0.000649
0.000649
0.000972
0.000651
0.000632
0.000617
0.000628
0.000612
0.000621
0.000617
0.000622
0.000621
0.00062
0.000623
0.000614
0.000637
0.000595
0.000595
0.000624
0.000601
0.000594
0.00059
0.000598
0.000592
0.000599
0.000594
0.000595
0.000598
0.000569
0.000573
-------------------------------
0.0007406
