0.011666
0.010363
0.009692
0.010111
0.00869
0.008027
0.007648
0.007381
0.007145
0.006838
0.006606
0.007033
0.006239
0.006089
0.005957
0.005762
0.005636
0.005536
0.00544
0.005275
0.005197
0.005116
0.005453
0.005361
0.004872
0.004887
0.004759
0.004869
0.004725
0.004719
0.004724
0.004827
0.00479
0.004746
0.004755
0.005217
0.0049
0.004795
0.004736
0.004741
0.004954
0.004744
0.004729
0.00473
0.004872
0.004814
0.004772
0.004725
0.00515
0.004882
0.004828
0.004744
0.005303
0.004997
0.004878
0.004886
0.004784
0.004769
0.004721
0.004748
0.004779
0.005465
0.004899
0.004737
0.00473
0.004807
0.004983
0.004823
0.004718
0.004734
0.00496
0.004759
0.004757
0.00473
0.005586
0.004871
0.004748
0.004791
0.004727
0.004846
0.004741
0.004751
0.004804
0.004893
0.004732
0.004746
0.004744
0.005332
0.004919
0.004739
0.004739
0.004748
0.004854
0.004762
0.004738
0.004756
0.004952
0.004815
0.004762
0.004743
-------------------------------
0.00536073
