0.097641
0.069951
0.066523
0.066033
0.066079
0.066089
0.06752
0.067996
0.0671
0.067012
0.069103
0.070458
0.068308
0.067276
0.068113
0.067348
0.068787
0.069959
0.069136
0.068541
0.068853
0.069829
0.067625
0.069504
0.070043
0.081584
0.076606
0.072167
0.069853
0.067959
0.067665
0.066403
0.0669
0.066492
0.067984
0.067001
0.068535
0.067656
0.067293
0.06717
0.069095
0.068132
0.067605
0.068147
0.0691
0.069469
0.068727
0.068997
0.068838
0.067463
0.068494
0.067791
0.068322
0.06811
0.066203
0.066485
0.066184
0.066677
0.068294
0.068625
0.067672
0.068691
0.067313
0.068102
0.06839
0.06841
0.068652
0.066513
0.067835
0.069321
0.068305
0.068711
0.067925
0.068803
0.068145
0.070157
0.068289
0.069153
0.068668
0.068446
0.068408
0.067202
0.066132
0.067906
0.067397
0.067329
0.066857
0.06666
0.069183
0.066565
0.068149
0.068173
0.066733
0.066283
0.070987
0.070459
0.068694
0.068254
0.070687
0.067565
-------------------------------
0.0686398
