0.86918
0.898336
0.901925
0.912547
0.900813
0.917198
0.902422
0.910869
0.918604
0.90739
0.943761
0.914502
0.954409
0.936081
0.941503
0.935521
0.930734
0.914413
0.91928
0.90459
0.913455
0.901129
0.903956
0.890037
0.913809
0.894458
0.89652
0.944589
0.926868
0.922409
0.933597
0.939666
0.914091
0.903278
0.929913
0.911989
0.901421
0.928256
0.943176
0.92061
0.929465
0.926917
0.941145
0.89983
0.927177
0.926205
0.921708
0.915499
0.909878
0.912438
0.920662
0.906585
0.940105
0.916532
0.912912
0.912816
0.92954
0.940514
0.921088
0.941768
0.952909
0.926829
0.912109
0.914316
0.923327
0.910615
0.914517
0.93574
0.918313
0.951933
0.940623
0.919628
0.91365
0.925518
0.908861
0.901214
0.912051
0.909624
0.917578
0.918733
0.935843
0.919663
0.911813
0.919672
0.902561
0.906805
0.90813
0.910672
0.902153
0.918336
0.924513
0.920806
0.908932
0.912534
0.906463
0.918925
0.927938
0.905559
0.928488
0.910225
-------------------------------
0.918482
