10.4681
10.4054
10.2513
10.4502
10.5699
10.6084
10.4161
10.3851
10.4531
10.4166
10.2507
10.348
10.6901
10.3782
10.7199
10.5087
10.6178
10.4637
10.2582
10.3796
10.3474
10.3668
10.6245
10.5108
10.5547
10.7407
10.5177
10.4692
10.4133
10.2577
10.4613
10.521
10.4734
10.3103
10.4394
10.2756
10.6119
10.3421
10.3244
10.5698
10.2232
10.4519
10.3394
9.85846
10.0039
10.0833
10.6299
10.1824
10.5977
10.0458
9.90736
10.4058
10.137
9.92603
10.023
9.96737
10.026
10.2535
9.89832
10.0561
9.95424
9.90439
9.88391
9.83918
9.77946
9.87975
10.0741
10.0035
9.8728
9.98541
10.0494
10.0082
9.921
10.1252
10.0558
9.85844
10.0032
9.92403
9.93974
9.96118
9.8439
9.93097
9.91317
9.85168
9.94388
9.71455
9.84362
9.83068
10.0471
9.85911
9.82019
9.99308
10.2594
10.6062
9.86558
10.0824
10.2788
10.1506
9.96482
10.0018
-------------------------------
10.2001
