0.000809
0.000748
0.000738
0.000746
0.000741
0.000997
0.000928
0.000745
0.000835
0.0007
0.000698
0.000697
0.001014
0.001043
0.001035
0.001002
0.001007
0.000995
0.000939
0.000998
0.000757
0.000668
0.000682
0.000664
0.000665
0.000666
0.00063
0.000635
0.000643
0.000913
0.000653
0.000633
0.000635
0.000637
0.000632
0.000627
0.000603
0.000603
0.000599
0.000607
0.000602
0.000601
0.000601
0.000606
0.000643
0.000601
0.000598
0.000598
0.000637
0.000576
0.000577
0.000575
0.000575
0.000575
0.000576
0.00058
0.000575
0.000575
0.000577
0.00057
0.000564
0.000611
0.000585
0.000552
0.00055
0.000552
0.000552
0.000554
0.000556
0.00055
0.000556
0.000553
0.000528
0.000528
0.000529
0.000542
0.000531
0.000531
0.000532
0.00053
0.000531
0.000529
0.000541
0.000531
0.000526
0.000509
0.000508
0.000509
0.000508
0.00051
0.000509
0.000509
0.000509
0.000515
0.000509
0.000521
0.000706
0.000521
0.000528
0.000492
-------------------------------
0.00063892
