0.022032
0.020247
0.018636
0.018254
0.015203
0.01485
0.01363
0.013613
0.014465
0.012544
0.011927
0.01195
0.011687
0.011549
0.011863
0.013323
0.012087
0.01155
0.012097
0.011466
0.012174
0.011705
0.011716
0.01169
0.01153
0.012388
0.011911
0.011987
0.013997
0.01229
0.011651
0.011888
0.01143
0.011509
0.01202
0.011717
0.012178
0.011299
0.012038
0.011495
0.011392
0.011472
0.014085
0.011986
0.011602
0.012112
0.011371
0.01208
0.012998
0.012191
0.011677
0.011648
0.011645
0.011667
0.012316
0.011747
0.011942
0.011351
0.01194
0.011376
0.012348
0.011764
0.011645
0.01187
0.011693
0.012144
0.011654
0.011798
0.011391
0.013526
0.011714
0.01173
0.012128
0.011343
0.011848
0.012063
0.012167
0.011828
0.011509
0.011761
0.011757
0.012274
0.013589
0.012122
0.011523
0.012052
0.011445
0.011448
0.011892
0.013794
0.011683
0.011516
0.011953
0.011579
0.01177
0.012034
0.01279
0.011426
0.011399
0.011588
-------------------------------
0.0123774
