1.06732
1.10809
1.12413
1.11889
1.11677
1.11265
1.11099
1.11451
1.12077
1.12587
1.12792
1.12658
1.12663
1.12689
1.12716
1.1198
1.12511
1.13171
1.1238
1.11415
1.12525
1.12855
1.12511
1.13536
1.14233
1.13667
1.13306
1.13528
1.12848
1.1294
1.13874
1.13578
1.12793
1.12273
1.13509
1.14138
1.13922
1.13381
1.12929
1.13618
1.13121
1.13666
1.1479
1.14723
1.13356
1.14071
1.13692
1.13655
1.14332
1.14295
1.13664
1.14008
1.13916
1.14626
1.14692
1.14653
1.13609
1.14995
1.13996
1.13554
1.14045
1.14213
1.15735
1.14916
1.16694
1.14067
1.15195
1.14777
1.13861
1.13603
1.14691
1.13864
1.14309
1.14515
1.14288
1.14578
1.15148
1.15599
1.15708
1.15915
1.19527
1.14086
1.14032
1.15171
1.14682
1.1491
1.16487
1.17344
1.18005
1.1744
1.17447
1.1676
1.16931
1.18741
1.17984
1.17507
1.17749
1.17931
1.17953
1.18517
-------------------------------
1.14193
