106.661
144.73
158.068
158.527
161.984
161.942
159.644
165.776
144.407
134.111
146.461
151.082
158.847
156.829
162.635
167.66
160.613
150.454
168.316
149.058
126.141
129.939
129.543
129.571
129.312
125.943
122.262
121.73
123.383
122.727
116.259
114.628
114.004
113.625
113.567
113.562
113.986
114.625
113.936
114.3
114.368
114.127
113.999
114.115
114.306
114.38
114.104
113.775
114.414
114.024
114.232
114.467
114.319
114.11
114.946
113.906
114.324
114.079
113.86
114.338
114.095
114.054
114.104
114.271
114.2
114.124
114.175
114.521
114.539
114.671
114.962
114.76
115.076
114.691
114.681
114.496
115.204
114.282
114.596
114.625
114.841
114.551
114.273
114.767
114.46
114.893
114.835
114.319
114.905
114.875
115.315
114.768
114.711
115.06
114.741
114.971
114.996
114.94
114.798
114.725
-------------------------------
123.409
